############################################################
# Starting Time:	04/01/2017 07:02:23
# Sample Interval(s):	5
# Archive Count:	720
# Collection Module:	MpstatExaWatcher
# Collection Command:	/usr/bin/mpstat -P ALL  5  720
############################################################
zzz <04/01/2017 07:02:23> Count:720
Linux 2.6.39-400.128.17.el5uek (kecdbocl11.kbstar.com) 	04/01/2017

07:02:23 AM  CPU   %user   %nice    %sys %iowait    %irq   %soft  %steal   %idle    intr/s
07:02:28 AM  all    2.26    0.00    0.31    0.20    0.00    0.00    0.00   97.23  20071.69
07:02:28 AM    0    1.41    0.00    0.40    0.20    0.00    0.00    0.00   97.99    104.22
07:02:28 AM    1    0.00    0.00    0.00    0.00    0.00    0.00    0.00    0.00      0.00
07:02:28 AM    2    0.00    0.00    0.00    0.00    0.00    0.00    0.00    0.00      0.00
07:02:28 AM    3    0.00    0.00    0.00    0.00    0.00    0.00    0.00    0.00      0.00
07:02:28 AM    4    0.40    0.00    0.20    0.00    0.00    0.00    0.00   99.40    120.48
07:02:28 AM    5    1.00    0.00    0.40    0.00    0.00    0.00    0.00   98.59    267.07
07:02:28 AM    6    1.38    0.00    0.98    2.56    0.00    0.00    0.00   95.08    102.61
07:02:28 AM    7    0.00    0.00    0.00    0.00    0.00    0.00    0.00    0.00      0.00
07:02:28 AM    8    0.00    0.00    0.00    0.00    0.00    0.00    0.00    0.00      0.00
07:02:28 AM    9    0.00    0.00    0.00    0.00    0.00    0.00    0.00    0.00      0.00
07:02:28 AM   10    1.00    0.00    1.20    0.40    0.00    0.00    0.00   97.41      1.20
07:02:28 AM   11    1.41    0.00    0.40    0.20    0.00    0.00    0.00   97.98      1.20
07:02:28 AM   12    1.40    0.00    1.20    0.60    0.00    0.00    0.00   96.79      0.00
07:02:28 AM   13    0.00    0.00    0.00    0.00    0.00    0.00    0.00    0.00      0.00
07:02:28 AM   14    0.00    0.00    0.00    0.00    0.00    0.00    0.00    0.00      0.00
07:02:28 AM   15    0.00    0.00    0.00    0.00    0.00    0.00    0.00    0.00      0.00
07:02:28 AM   16    0.60    0.00    0.20    0.20    0.00    0.20    0.00   98.80      0.00
07:02:28 AM   17    0.80    0.00    0.60    0.20    0.00    0.00    0.00   98.39      0.00
07:02:28 AM   18    1.20    0.00    0.40    0.40    0.00    0.00    0.00   98.00      0.00
07:02:28 AM   19    0.00    0.00    0.00    0.00    0.00    0.00    0.00    0.00      0.00
07:02:28 AM   20    0.00    0.00    0.00    0.00    0.00    0.00    0.00    0.00      0.00
07:02:28 AM   21    0.00    0.00    0.00    0.00    0.00    0.00    0.00    0.00      0.00
07:02:28 AM   22   43.51    0.00    0.60    0.20    0.00    0.00    0.00   55.69      0.00
07:02:28 AM   23    0.60    0.00    0.40    0.20    0.00    0.00    0.00   98.80      0.00

07:02:28 AM  CPU   %user   %nice    %sys %iowait    %irq   %soft  %steal   %idle    intr/s
07:02:33 AM  all    0.58    0.00    0.33    0.01    0.00    0.00    0.00   99.08  18651.00
07:02:33 AM    0    0.60    0.00    0.80    0.00    0.00    0.00    0.00   98.59      9.24
07:02:33 AM    1    0.00    0.00    0.00    0.00    0.00    0.00    0.00    0.00      0.00
07:02:33 AM    2    0.00    0.00    0.00    0.00    0.00    0.00    0.00    0.00      0.00
07:02:33 AM    3    0.00    0.00    0.00    0.00    0.00    0.00    0.00    0.00      0.00
07:02:33 AM    4    1.01    0.00    0.40    0.00    0.00    0.00    0.00   98.59     64.26
07:02:33 AM    5    0.81    0.00    0.40    0.00    0.00    0.00    0.00   98.79    101.20
07:02:33 AM    6    1.00    0.00    0.80    0.00    0.00    0.00    0.00   98.19      7.23
07:02:33 AM    7    0.00    0.00    0.00    0.00    0.00    0.00    0.00    0.00      0.00
07:02:33 AM    8    0.00    0.00    0.00    0.00    0.00    0.00    0.00    0.00      0.00
07:02:33 AM    9    0.00    0.00    0.00    0.00    0.00    0.00    0.00    0.00      0.00
07:02:33 AM   10    1.20    0.00    1.00    0.00    0.00    0.00    0.00   97.80      0.80
07:02:33 AM   11    1.21    0.00    0.60    0.00    0.00    0.00    0.00   98.19      0.80
07:02:33 AM   12    0.80    0.00    0.40    0.00    0.00    0.00    0.00   98.79      0.00
07:02:33 AM   13    0.00    0.00    0.00    0.00    0.00    0.00    0.00    0.00      0.00
07:02:33 AM   14    0.00    0.00    0.00    0.00    0.00    0.00    0.00    0.00      0.00
07:02:33 AM   15    0.00    0.00    0.00    0.00    0.00    0.00    0.00    0.00      0.00
07:02:33 AM   16    1.01    0.00    1.81    0.00    0.00    0.00    0.00   97.18      0.00
07:02:33 AM   17    0.80    0.00    0.40    0.00    0.00    0.00    0.00   98.79      0.00
07:02:33 AM   18    0.80    0.00    0.20    0.00    0.00    0.00    0.00   98.99      0.00
07:02:33 AM   19    0.00    0.00    0.00    0.00    0.00    0.00    0.00    0.00      0.00
07:02:33 AM   20    0.00    0.00    0.00    0.00    0.00    0.00    0.00    0.00      0.00
07:02:33 AM   21    0.00    0.00    0.00    0.00    0.00    0.00    0.00    0.00      0.00
07:02:33 AM   22    4.02    0.00    1.00    0.00    0.00    0.00    0.00   94.98      0.00
07:02:33 AM   23    0.60    0.00    0.20    0.00    0.00    0.00    0.00   99.19      0.00

07:02:33 AM  CPU   %user   %nice    %sys %iowait    %irq   %soft  %steal   %idle    intr/s
07:02:38 AM  all    0.38    0.00    0.24    0.02    0.00    0.00    0.00   99.36  18552.20
07:02:38 AM    0    1.00    0.00    0.60    0.20    0.00    0.00    0.00   98.20     13.60
07:02:38 AM    1    0.00    0.00    0.00    0.00    0.00    0.00    0.00    0.00      0.00
07:02:38 AM    2    0.00    0.00    0.00    0.00    0.00    0.00    0.00    0.00      0.00
07:02:38 AM    3    0.00    0.00    0.00    0.00    0.00    0.00    0.00    0.00      0.00
07:02:38 AM    4    0.60    0.00    0.40    0.00    0.00    0.00    0.00   98.99     84.80
07:02:38 AM    5    1.00    0.00    0.40    0.00    0.00    0.20    0.00   98.39    159.00
07:02:38 AM    6    0.80    0.00    0.60    0.40    0.00    0.00    0.00   98.19     15.60
07:02:38 AM    7    0.00    0.00    0.00    0.00    0.00    0.00    0.00    0.00      0.00
07:02:38 AM    8    0.00    0.00    0.00    0.00    0.00    0.00    0.00    0.00      0.00
07:02:38 AM    9    0.00    0.00    0.00    0.00    0.00    0.00    0.00    0.00      0.00
07:02:38 AM   10    0.61    0.00    0.20    0.00    0.00    0.00    0.00   99.19      1.20
07:02:38 AM   11    1.21    0.00    0.40    0.20    0.00    0.00    0.00   98.19      1.40
07:02:38 AM   12    0.40    0.00    0.80    0.00    0.00    0.00    0.00   98.79      0.00
07:02:38 AM   13    0.00    0.00    0.00    0.00    0.00    0.00    0.00    0.00      0.00
07:02:38 AM   14    0.00    0.00    0.00    0.00    0.00    0.00    0.00    0.00      0.00
07:02:38 AM   15    0.00    0.00    0.00    0.00    0.00    0.00    0.00    0.00      0.00
07:02:38 AM   16    0.81    0.00    1.01    0.00    0.00    0.00    0.00   98.19      0.00
07:02:38 AM   17    0.80    0.00    0.40    0.00    0.00    0.00    0.00   98.79      0.00
07:02:38 AM   18    0.40    0.00    0.20    0.00    0.00    0.00    0.00   99.40      0.00
07:02:38 AM   19    0.00    0.00    0.00    0.00    0.00    0.00    0.00    0.00      0.00
07:02:38 AM   20    0.00    0.00    0.00    0.00    0.00    0.00    0.00    0.00      0.00
07:02:38 AM   21    0.00    0.00    0.00    0.00    0.00    0.00    0.00    0.00      0.00
07:02:38 AM   22    0.60    0.00    0.80    0.00    0.00    0.00    0.00   98.59      0.00
07:02:38 AM   23    0.80    0.00    0.20    0.00    0.00    0.00    0.00   98.99      0.00

07:02:38 AM  CPU   %user   %nice    %sys %iowait    %irq   %soft  %steal   %idle    intr/s
07:02:43 AM  all    0.37    0.00    0.34    0.01    0.00    0.01    0.00   99.27  18078.11
07:02:43 AM    0    1.00    0.00    0.40    0.00    0.00    0.00    0.00   98.59      8.84
07:02:43 AM    1    0.00    0.00    0.00    0.00    0.00    0.00    0.00    0.00      0.00
07:02:43 AM    2    0.00    0.00    0.00    0.00    0.00    0.00    0.00    0.00      0.00
07:02:43 AM    3    0.00    0.00    0.00    0.00    0.00    0.00    0.00    0.00      0.00
07:02:43 AM    4    0.20    0.00    0.20    0.00    0.00    0.00    0.00   99.60     62.45
07:02:43 AM    5    0.80    0.00    0.20    0.00    0.00    0.00    0.00   98.99    103.41
07:02:43 AM    6    0.81    0.00    0.40    0.00    0.00    0.00    0.00   98.79      9.64
# Starting Time:	04/10/2017 10:02:57
07:02:43 AM    6    0.81    0.00    0.40    0.00    0.00    0.00    0.00   98.79      9.64
